Webots Project File version R2021a
perspectives: 000000ff00000000fd00000002000000000000000000000000fc0100000001fb0000001a0044006f00630075006d0065006e0074006100740069006f006e0000000000ffffffff0000006900ffffff0000000100000232000003ccfc0200000002fb0000001400540065007800740045006400690074006f00720100000016000003150000008900fffffffb0000001a0043006f006e0073006f006c00650041006c006c0041006c006c010000032d000000b50000003900ffffff0000054c000003cc00000001000000020000000100000008fc00000000
simulationViewPerspectives: 000000ff00000001000000020000014f000004030100000002010000000100
sceneTreePerspectives: 000000ff0000000100000002000000c0000000fa0100000002010000000200
maximizedDockId: -1
centralWidgetVisible: 1
orthographicViewHeight: 1
textFiles: 0 "protos/panda_arm_hand.proto"
consoles: Console:All:All
renderingDevicePerspectives: panda_arm_hand:camera;0;0.35;0;0.095987;1062;426;761;571;0
renderingDevicePerspectives: panda_arm_hand:panda_camera;1;2.3125;0;0.0645888
